tree
version=v4
num_class=1
num_tree_per_iteration=1
label_index=0
max_feature_idx=10
objective=regression
feature_names=total_spent total_spent_in_sheet_last_month total_spent_in_sheet_last_3_months average_spent_in_sheet_last_6_months sheet_spending_trend total_spent_in_category_last_month total_spent_in_category_last_3_months average_spent_in_category_last_6_months category_spending_trend category_spent_percentage_last_month category_spent_percentage_trend
feature_infos=[0:9965905] [0:14902919.316872103] [0:49386051.456215203] [0:11869500.571207624] [-1:1] [0:8358826.6489881966] [0:24817121.841906097] [0:9691460.1222268343] [-1:1] [0:2.7153885743695318] [-1:1]
tree_sizes=723 752 756 752 747 758 757 748 757 765 758 761 857 855 771 763 771 854 764 688 767 682 693 685 686 773 515 692 602 683 686 856 516 598 855 779 517 789 603 517 779 767 687 608 767 763 592 600 684 775 778 598 688 848 764 691 606 515 769 693 776 854 772 861 776 688 691 780 774 695 681 774 606 690 613 691 855 691 696 519 611 685 690 875 689 513 688 692 775 515 696 520 607 520 520 775 696 690 774 775

Tree=0
num_leaves=7
num_cat=0
split_feature=7 9 9 1 9 7
split_gain=161.803 38.8274 1.62781 0.706588 0.0945848 0.0122965
threshold=4613.9166666666679 0.60407321945286141 0.10713183114048712 1305435.3657381162 0.72053472019846532 4988.4166666666679
decision_type=2 2 2 2 2 2
left_child=1 2 -1 5 -5 -2
right_child=3 -3 -4 4 -6 -7
leaf_value=0.40398916771097493 0.57060331346394888 0.65871463322379609 0.43335129876239836 0.59888053605172176 0.61311870711419969 0.57698836220481653
leaf_weight=599 44 54 201 801 39 53
leaf_count=599 44 54 201 801 39 53
internal_value=0.515894 0.427007 0.411366 0.596907 0.599542 0.574092
internal_weight=1791 854 800 937 840 97
internal_count=1791 854 800 937 840 97
is_linear=0
shrinkage=1


Tree=1
num_leaves=7
num_cat=0
split_feature=0 7 7 1 5 0
split_gain=108.336 1.22322 1.14732 0.41778 0.417727 0.328721
threshold=4007.0000000000005 1078.5000000000002 207.83333333333331 7097.0000000000009 5898.0000000000009 790.00000000000011
decision_type=2 2 2 2 2 2
left_child=2 -2 5 -4 -3 -1
right_child=1 4 3 -5 -6 -7
leaf_value=-0.093189436808644541 0.094997727019672421 0.038531197353203331 -0.077715129319718232 -0.058343882536951025 0.059396827873012835 -0.071887933903859391
leaf_weight=354 75 84 176 179 854 69
leaf_count=354 75 84 176 179 854 69
internal_value=-0.00054964 0.0603024 -0.0797824 -0.0679477 0.0575283 -0.0897147
internal_weight=1791 1013 778 355 938 423
internal_count=1791 1013 778 355 938 423
is_linear=0
shrinkage=0.282327


Tree=2
num_leaves=7
num_cat=0
split_feature=0 6 1 0 9 0
split_gain=55.7987 3.45559 0.725012 0.51149 0.262368 0.14987
threshold=4007.0000000000005 3352.5000000000005 8397.5000000000018 284.50000000000006 0.070410367038986316 208.00000000000003
decision_type=2 2 2 2 2 2
left_child=3 -2 -3 5 -5 -1
right_child=1 2 -4 4 -6 -7
leaf_value=-0.062810924791555048 0.12159523315085263 0.018654930786647938 0.042622379051151897 -0.058802092003077677 -0.045972716801642874 -0.077299113485580107
leaf_weight=186 43 114 856 240 270 82
leaf_count=186 43 114 856 240 270 82
internal_value=-0.000394462 0.0432774 0.0398056 -0.0572577 -0.0520101 -0.0672439
internal_weight=1791 1013 970 778 510 268
internal_count=1791 1013 970 778 510 268
is_linear=0
shrinkage=0.282327


Tree=3
num_leaves=7
num_cat=0
split_feature=0 6 2 0 0 6
split_gain=28.7394 1.77982 0.37174 0.288135 0.167985 0.157774
threshold=4007.0000000000005 3352.5000000000005 25192.500000000004 844.00000000000011 992.00000000000011 653.00000000000011
decision_type=2 2 2 2 2 2
left_child=3 -2 -3 5 -5 -1
right_child=1 2 -4 4 -6 -7
leaf_value=-0.048681155280922324 0.087265617471509682 0.013571012600118358 0.03060437041745619 -0.018503279937095808 -0.037873416129048813 -0.039701761818072841
leaf_weight=282 43 116 854 61 86 349
leaf_count=282 43 116 854 61 86 349
internal_value=-0.000283095 0.031059 0.0285674 -0.0410923 -0.0298355 -0.0437147
internal_weight=1791 1013 970 778 147 631
internal_count=1791 1013 970 778 147 631
is_linear=0
shrinkage=0.282327


Tree=4
num_leaves=7
num_cat=0
split_feature=5 5 2 0 1 1
split_gain=15.1056 1.20423 2.59428 0.490914 0.203331 0.301951
threshold=4078.5000000000005 5096.5000000000009 21956.500000000004 5939.0000000000009 2633.0000000000005 6911.0000000000009
decision_type=2 2 2 2 2 2
left_child=4 2 -2 -3 -1 -6
right_child=1 3 -4 -5 5 -7
leaf_value=-0.014026178781168665 0.0052007106121114552 -0.0039033430200853089 0.10817855114253351 0.021922723368325885 -0.038345420474328408 -0.026310389479845354
leaf_weight=65 39 63 39 853 255 477
leaf_count=65 39 63 39 853 255 477
internal_value=-0.000203169 0.023014 0.0566896 0.0201465 -0.0291591 -0.0305029
internal_weight=1791 994 78 916 797 732
internal_count=1791 994 78 916 797 732
is_linear=0
shrinkage=0.282327


Tree=5
num_leaves=7
num_cat=0
split_feature=5 5 5 5 1 10
split_gain=6.98664 2.36485 0.254614 0.234857 0.154912 0.140728
threshold=4702.5000000000009 5198.5000000000009 5898.0000000000009 796.00000000000011 2633.0000000000005 -1.0000000180025095e-35
decision_type=2 2 2 2 2 2
left_child=3 -2 -3 4 -1 -5
right_child=1 2 -4 5 -6 -7
leaf_value=-0.006426363310179292 0.086264550813989066 -0.0052112253980387937 0.015515761530579385 -0.0034591271989361282 -0.02238619597464115 -0.018364754853363609
leaf_weight=53 38 50 856 115 568 90
leaf_count=53 38 50 856 115 568 90
internal_value=0.000673672 0.0172659 0.0143719 -0.0182888 -0.0210241 -0.0100031
internal_weight=1770 944 906 826 621 205
internal_count=1770 944 906 826 621 205
is_linear=0
shrinkage=0.282327


Tree=6
num_leaves=7
num_cat=0
split_feature=0 0 7 6 3 0
split_gain=3.79276 2.1271 1.27644 0.534213 0.472456 0.0857313
threshold=4798.5000000000009 5299.0000000000009 1.0000000180025095e-35 15460.500000000002 7813.8333333333348 538.50000000000011
decision_type=2 2 2 2 2 2
left_child=2 -2 5 -3 -4 -1
right_child=1 3 4 -5 -6 -7
leaf_value=-0.029983182929630696 0.070512977683684946 -0.022799499662625306 -0.0067576738221411976 0.010980037270929357 0.023409746566285174 -0.02118423413986683
leaf_weight=205 48 39 412 865 46 155
leaf_count=205 48 39 412 865 46 155
internal_value=0.000483476 0.0125979 -0.0136154 0.00952273 -0.00372776 -0.0261947
internal_weight=1770 952 818 904 458 360
internal_count=1770 952 818 904 458 360
is_linear=0
shrinkage=0.282327


Tree=7
num_leaves=7
num_cat=0
split_feature=5 5 1 3 5 3
split_gain=2.00552 1.11766 0.194564 0.384711 0.121718 0.00161901
threshold=4702.5000000000009 5198.5000000000009 8138.5000000000009 7881.5000000000009 5898.0000000000009 7690.166666666667
decision_type=2 2 2 2 2 2
left_child=2 -2 3 -1 -3 -4
right_child=1 4 5 -5 -6 -7
leaf_value=-0.010014043041267077 0.056670995607933594 -0.00629289125211498 -0.024550561991092765 0.01719780719380181 0.0080379544403734529 -0.0219771861140679
leaf_weight=704 38 50 38 44 856 40
leaf_count=704 38 50 38 44 856 40
internal_value=0.000346978 0.00923659 -0.00981258 -0.00841335 0.00724707 -0.0232309
internal_weight=1770 944 826 748 906 78
internal_count=1770 944 826 748 906 78
is_linear=0
shrinkage=0.282327


Tree=8
num_leaves=7
num_cat=0
split_feature=0 0 7 7 7 9
split_gain=1.1201 1.03239 0.618864 0.262772 0.252464 0.13247
threshold=4798.5000000000009 5299.0000000000009 1.0000000180025095e-35 150.66666666666671 4934.666666666667 0.1616802506612324
decision_type=2 2 2 2 2 2
left_child=2 -2 5 -4 -3 -1
right_child=1 4 3 -5 -6 -7
leaf_value=-0.014124926608372576 0.047180230763788321 -0.017833358465789935 0.021637768301436402 -0.0025912479248479969 0.0056784278711478663 -0.030500689166513988
leaf_weight=315 48 38 39 419 866 45
leaf_count=315 48 38 39 419 866 45
internal_value=0.000249016 0.00683246 -0.00741289 -0.000528078 0.0046901 -0.0161719
internal_weight=1770 952 818 458 904 360
internal_count=1770 952 818 458 904 360
is_linear=0
shrinkage=0.282327


Tree=9
num_leaves=7
num_cat=0
split_feature=0 3 3 7 3 3
split_gain=0.738309 0.316887 1.93237 0.219915 0.162928 0.193859
threshold=353.50000000000006 7181.5000000000009 7346.3333333333339 223.41666666666666 7774.8333333333348 7315.7500000000009
decision_type=2 2 2 2 2 2
left_child=4 3 -3 -2 5 -1
right_child=1 2 -4 -5 -6 -7
leaf_value=-0.0097252577384059277 -0.012563582670261281 0.051123886711092623 0.0022944561361202811 0.0020010189335208802 0.0041263570712354817 -0.026312371801255539
leaf_weight=233 150 69 1013 184 47 74
leaf_count=233 150 69 1013 184 47 74
internal_value=0.000178712 0.00306178 0.00540835 -0.00453997 -0.0113536 -0.0137235
internal_weight=1770 1416 1082 334 354 307
internal_count=1770 1416 1082 334 354 307
is_linear=0
shrinkage=0.282327


Tree=10
num_leaves=7
num_cat=0
split_feature=5 1 1 1 1 1
split_gain=0.559255 0.40985 0.243921 0.181839 0.780471 0.324071
threshold=5038.5000000000009 7331.0000000000009 1305435.3657381162 7659.5000000000009 7565.5000000000009 7982.5000000000009
decision_type=2 2 2 2 2 2
left_child=3 -2 -3 4 -1 -5
right_child=1 2 -4 5 -6 -7
leaf_value=-0.0059743299974543947 0.03222128671980462 -0.017995060323918382 0.0040530880127284154 -0.02471316296447645 0.034274647935230863 -0.0023993665701687425
leaf_weight=606 40 42 838 99 41 109
leaf_count=606 40 42 838 99 41 109
internal_value=-0.000559871 0.00427125 0.00300079 -0.00575827 -0.00342378 -0.0130199
internal_weight=1775 920 880 855 647 208
internal_count=1775 920 880 855 647 208
is_linear=0
shrinkage=0.282327


Tree=11
num_leaves=7
num_cat=0
split_feature=0 6 7 6 6 6
split_gain=0.303379 0.199955 0.245273 0.164205 0.449032 0.140366
threshold=829.50000000000011 2283.0000000000005 631.16666666666686 1275.5000000000002 914.00000000000011 1559.5000000000002
decision_type=2 2 2 2 2 2
left_child=3 -2 -3 4 -1 -5
right_child=1 2 -4 5 -6 -7
leaf_value=-0.00641903167987123 0.01682027267958543 -0.01603668427748775 0.0023922908799620243 -0.020882946050402737 0.018218520673576891 -0.0049754983065187003
leaf_weight=374 71 61 1022 86 70 91
leaf_count=374 71 61 1022 86 70 91
internal_value=-0.000401804 0.00230583 0.00135428 -0.00543337 -0.00253473 -0.0127045
internal_weight=1775 1154 1083 621 444 177
internal_count=1775 1154 1083 621 444 177
is_linear=0
shrinkage=0.282327


Tree=12
num_leaves=8
num_cat=0
split_feature=1 2 3 3 2 7 5
split_gain=0.201522 0.281236 0.948628 0.589246 0.190744 0.161172 0.113416
threshold=7052.0000000000009 22324.000000000004 7253.5833333333348 7605.8333333333348 19625.500000000004 132.58333333333337 4007.0000000000005
decision_type=2 2 2 2 2 2 2
left_child=4 2 -2 -3 5 -1 -6
right_child=1 3 -4 -5 6 -7 -8
leaf_value=-0.0058628618343179633 -0.00033680845278124703 -0.019804219950412209 0.042010669287339861 0.0017838472187065291 -0.0080382131318768972 0.010700326931586412 -0.024304489470309176
leaf_weight=111 162 112 57 1006 205 81 41
leaf_count=111 162 112 57 1006 205 81 41
internal_value=-0.000288364 0.00143345 0.0106851 -0.000378821 -0.00554422 0.00112473 -0.0107493
internal_weight=1775 1337 219 1118 438 192 246
internal_count=1775 1337 219 1118 438 192 246
is_linear=0
shrinkage=0.282327


Tree=13
num_leaves=8
num_cat=0
split_feature=0 5 9 0 5 5 2
split_gain=0.143855 0.22382 0.168187 0.147658 0.0692348 0.113936 0.0989714
threshold=353.50000000000006 308.00000000000006 0.020814817037476955 643.50000000000011 168.50000000000003 301.50000000000006 21159.500000000004
decision_type=2 2 2 2 2 2 2
left_child=4 2 -2 -3 6 -6 -1
right_child=1 3 -4 -5 5 -7 -8
leaf_value=-0.006542386786467921 0.0043397761712532902 -0.0084598226662028764 0.028951373262213115 0.0011751868434587232 -0.014411608469329573 -0.0013620473205271598 0.0085488676487076656
leaf_weight=86 53 142 38 1183 117 98 58
leaf_count=86 53 142 38 1183 117 98 58
internal_value=-0.000206951 0.00107282 0.0146171 0.000142605 -0.00525473 -0.00846344 -0.000463965
internal_weight=1775 1416 91 1325 359 215 144
internal_count=1775 1416 91 1325 359 215 144
is_linear=0
shrinkage=0.282327


Tree=14
num_leaves=7
num_cat=0
split_feature=1 1 8 1 3 9
split_gain=0.07983 0.286881 0.31491 0.277165 0.120963 0.101323
threshold=7145.0000000000009 7331.0000000000009 -1.0000000180025095e-35 7394.5000000000009 7229.5000000000009 0.24575158811342804
decision_type=2 2 2 2 2 2
left_child=4 2 -2 -3 5 -1
right_child=1 3 -4 -5 -6 -7
leaf_value=0.00074664112024754872 0.034229414712630808 -0.022084650470923804 -0.0010020793312667715 0.00073866023937004758 -0.013939832703487873 -0.010815686698726365
leaf_weight=329 42 44 39 1175 72 74
leaf_count=329 42 44 39 1175 72 74
internal_value=-0.000148523 0.000995966 0.0172661 -8.51508e-05 -0.00328081 -0.00137647
internal_weight=1775 1300 81 1219 475 403
internal_count=1775 1300 81 1219 475 403
is_linear=0
shrinkage=0.282327


Tree=15
num_leaves=7
num_cat=0
split_feature=0 6 2 6 6 6
split_gain=0.0877052 0.275866 0.265275 0.137611 0.0647303 0.14635
threshold=446.50000000000006 1112.5000000000002 21956.500000000004 1529.5000000000002 1396.5000000000002 914.00000000000011
decision_type=2 2 2 2 2 2
left_child=4 2 -2 -3 5 -1
right_child=1 3 -4 -5 -6 -7
leaf_value=-0.0040113385297291474 0.0033745294086006791 -0.01350970539537532 0.028797435204800135 0.00069766838951838047 -0.011659620390429623 0.012249224482398837
leaf_weight=327 83 57 54 1165 62 51
leaf_count=327 83 57 54 1165 62 51
internal_value=0.000260136 0.00138181 0.0133952 3.49676e-05 -0.0032043 -0.00181745
internal_weight=1799 1359 137 1222 440 378
internal_count=1799 1359 137 1222 440 378
is_linear=0
shrinkage=0.282327


Tree=16
num_leaves=7
num_cat=0
split_feature=7 3 3 7 9 0
split_gain=0.0897325 0.267622 0.76304 0.239743 0.153851 0.0840977
threshold=1.0000000180025095e-35 7384.3333333333348 7181.5000000000009 150.66666666666671 0.11963890980043897 397.00000000000006
decision_type=2 2 2 2 2 2
left_child=1 2 -1 -2 -3 -5
right_child=3 4 -4 5 -6 -7
leaf_value=-0.0047379575602456217 0.02253505797623781 -0.0076934555380450444 0.036875523610614476 -0.0047542645731530036 -0.029192111048556808 0.0015444612202642593
leaf_weight=245 41 83 41 198 39 1152
leaf_count=245 41 83 41 198 39 1152
internal_value=0.000186693 -0.00349498 0.00122761 0.00126658 -0.014566 0.000620648
internal_weight=1799 408 286 1391 122 1350
internal_count=1799 408 286 1391 122 1350
is_linear=0
shrinkage=0.282327


Tree=17
num_leaves=8
num_cat=0
split_feature=5 0 1 5 7 6 0
split_gain=0.0536098 0.170596 0.116812 0.0934801 0.13264 0.0936615 0.0169057
threshold=186.50000000000003 284.50000000000006 7458.0000000000009 359.50000000000006 259.00000000000006 1275.5000000000002 453.50000000000006
decision_type=2 2 2 2 2 2 2
left_child=1 2 -1 4 -2 -5 -3
right_child=3 6 -4 5 -6 -7 -8
leaf_value=0.0036885462571521282 -0.0013749771389432851 0.010250858878316574 -0.014311601618421299 0.0075607241044357894 -0.017404166987077408 -0.00037233895819598615 0.018261350473179717
leaf_weight=91 136 42 42 131 59 1256 42
leaf_count=91 136 42 42 131 59 1256 42
internal_value=0.000133984 0.00429531 -0.00199571 -0.000436818 -0.00622483 0.000376927 0.0142561
internal_weight=1799 217 133 1582 195 1387 84
internal_count=1799 217 133 1582 195 1387 84
is_linear=0
shrinkage=0.282327


Tree=18
num_leaves=7
num_cat=0
split_feature=7 3 2 6 6 0
split_gain=0.0863898 0.153783 0.458232 0.148189 0.103522 0.0751904
threshold=100.33333333333336 7331.0000000000009 21956.500000000004 451.50000000000006 579.50000000000011 675.00000000000011
decision_type=2 2 2 2 2 2
left_child=1 2 -1 -2 -5 -3
right_child=3 5 -4 4 -6 -7
leaf_value=-0.0052994158644909858 0.018100068383979838 -0.0055779965552040399 0.02363658004275894 -0.013485410646059119 0.0010958327815730029 -0.01914285421282131
leaf_weight=227 40 76 54 40 1305 57
leaf_count=227 40 76 54 40 1305 57
internal_value=9.61565e-05 -0.00348228 0.000261238 0.00116581 0.00066219 -0.0113915
internal_weight=1799 414 281 1385 1345 133
internal_count=1799 414 281 1385 1345 133
is_linear=0
shrinkage=0.282327


Tree=19
num_leaves=6
num_cat=0
split_feature=0 9 9 9 0
split_gain=0.0501666 0.0826408 0.263519 0.144373 0.0748866
threshold=8621871.0000000019 0.69393016953982223 0.66115265718313554 0.76753228329392731 9235494.5000000019
decision_type=2 2 2 2 2
left_child=1 2 -1 -3 -2
right_child=4 3 -4 -5 -6
leaf_value=-0.00044498719837149039 0.014136092593763841 -0.016690175314475975 0.020801591030857377 0.0036277628361950621 -0.00029745105984147266
leaf_weight=1520 49 63 48 50 69
leaf_count=1520 49 63 48 50 69
internal_value=6.90091e-05 -0.000325995 0.000205418 -0.00769994 0.00569614
internal_weight=1799 1681 1568 113 118
internal_count=1799 1681 1568 113 118
is_linear=0
shrinkage=0.282327


Tree=20
num_leaves=7
num_cat=0
split_feature=7 6 0 0 9 6
split_gain=0.0642605 0.158202 0.369602 0.157839 0.141428 0.140066
threshold=207.83333333333331 1275.5000000000002 365.50000000000006 4798.5000000000009 0.18746416108833905 1559.5000000000002
decision_type=2 2 2 2 2 2
left_child=3 2 -2 4 -1 -3
right_child=1 5 -4 -5 -6 -7
leaf_value=-0.0026192707906447701 0.00072917031833425112 -0.012838729684164907 0.032801860638387352 0.012413092691643323 -0.020407262856541798 0.00096189129149372205
leaf_weight=412 95 62 41 51 39 1075
leaf_count=412 95 62 41 51 39 1075
internal_value=0.000231112 0.00129786 0.0103981 -0.00247401 -0.00415748 0.000209351
internal_weight=1775 1273 136 502 451 1137
internal_count=1775 1273 136 502 451 1137
is_linear=0
shrinkage=0.282327


Tree=21
num_leaves=6
num_cat=0
split_feature=1 9 3 3 2
split_gain=0.0895549 0.0626949 0.0616979 0.637748 0.199192
threshold=5850.5000000000009 0.1616802506612324 7278.666666666667 7346.3333333333339 21808.500000000004
decision_type=2 2 2 2 2
left_child=1 -1 4 -4 -2
right_child=2 -3 3 -5 -6
leaf_value=0.017744440016157756 -0.0001974861515950434 0.0016309354914049096 0.032072880181439951 -0.0005127917333564298 -0.014433334674673219
leaf_weight=38 426 39 50 1126 96
leaf_count=38 426 39 50 1126 96
internal_value=0.000165863 0.00958305 -0.000261183 0.000872654 -0.00281557
internal_weight=1775 77 1698 1176 522
internal_count=1775 77 1698 1176 522
is_linear=0
shrinkage=0.282327


Tree=22
num_leaves=6
num_cat=0
split_feature=9 5 5 8 2
split_gain=0.04532 0.0962031 0.0878521 0.0605028 0.0465598
threshold=0.028327302887830454 168.50000000000003 238.50000000000003 -1.0000000180025095e-35 21159.500000000004
decision_type=2 2 2 2 2
left_child=1 4 -2 -4 -1
right_child=2 -3 3 -5 -6
leaf_value=-0.004480610762023639 0.013558656022421378 -0.016370814130564761 0.0024073266193352055 -0.0012138863485468671 0.0046745008262092267
leaf_weight=115 41 39 636 872 72
leaf_count=115 41 39 636 872 72
internal_value=0.000119035 -0.00361579 0.000663948 0.000313363 -0.000955648
internal_weight=1775 226 1549 1508 187
internal_count=1775 226 1549 1508 187
is_linear=0
shrinkage=0.282327


Tree=23
num_leaves=6
num_cat=0
split_feature=7 9 5 3 9
split_gain=0.046968 0.0929882 0.151761 0.0841717 0.0833318
threshold=123.50000000000001 0.63240335556885641 1044.5000000000002 6465.8333333333348 0.78080262590778282
decision_type=2 2 2 2 2
left_child=1 2 -1 -2 -5
right_child=3 -3 -4 4 -6
leaf_value=-0.0029385714156052018 0.011729641433899138 -0.014613260170413074 0.015415684382038998 5.3668003216237174e-05 0.013474813164782927
leaf_weight=351 55 45 40 1246 38
leaf_count=351 55 45 40 1246 38
internal_value=8.54285e-05 -0.00245965 -0.0010609 0.000914148 0.000450867
internal_weight=1775 436 391 1339 1284
internal_count=1775 436 391 1339 1284
is_linear=0
shrinkage=0.282327


Tree=24
num_leaves=6
num_cat=0
split_feature=0 2 6 2 2
split_gain=0.0420321 0.0620846 0.0553942 0.0494117 0.0446335
threshold=173.00000000000003 6724.5000000000009 386.00000000000006 21378.500000000004 21723.000000000004
decision_type=2 2 2 2 2
left_child=2 -2 -1 -4 -3
right_child=1 4 3 -5 -6
leaf_value=-0.011019408150395534 0.011319795853407606 -0.0023698255349867163 0.0062515911113620029 -0.0074394394098057908 0.0010668753995070549
leaf_weight=61 41 404 47 38 1184
leaf_count=61 41 404 47 38 1184
internal_value=6.13097e-05 0.000472611 -0.00452779 0.000130895 0.000192551
internal_weight=1775 1629 146 85 1588
internal_count=1775 1629 146 85 1588
is_linear=0
shrinkage=0.282327


Tree=25
num_leaves=7
num_cat=0
split_feature=5 7 7 4 5 7
split_gain=0.052479 0.0613068 0.0603703 0.0497236 0.0406057 0.0270051
threshold=1964513.8435260274 5440432.7123514423 1712711.953302487 -1.0000000180025095e-35 6471739.2230855441 2169810.7024094951
decision_type=2 2 2 2 2 2
left_child=2 5 3 -1 -3 -2
right_child=1 4 -4 -5 -6 -7
leaf_value=0.004287488009526527 -0.011680694239539616 0.01049457970623925 0.01000007210995895 -0.00071195235257620246 -0.0023887661896221184 -0.0038297004525681289
leaf_weight=185 39 39 50 1110 39 334
leaf_count=185 39 39 50 1110 39 334
internal_value=-0.00050981 -0.00314532 0.00037392 2.25341e-06 0.00405291 -0.00465058
internal_weight=1796 451 1345 1295 78 373
internal_count=1796 451 1345 1295 78 373
is_linear=0
shrinkage=0.282327


Tree=26
num_leaves=4
num_cat=0
split_feature=0 0 2
split_gain=0.0651778 0.105776 0.111981
threshold=89.500000000000014 133.50000000000003 17298.500000000004
decision_type=2 2 2
left_child=-1 -2 -3
right_child=1 2 -4
leaf_value=0.010366354819911052 -0.013178407346472134 0.0092732791907409965 -0.00080296948707227981
leaf_weight=44 52 93 1607
leaf_count=44 52 93 1607
internal_value=-0.000365877 -0.000635408 -0.000251739
internal_weight=1796 1752 1700
internal_count=1796 1752 1700
is_linear=0
shrinkage=0.282327


Tree=27
num_leaves=6
num_cat=0
split_feature=5 9 9 9 9
split_gain=0.0236176 0.0785819 0.200109 0.0483854 0.0560935
threshold=1964513.8435260274 0.70732242941232304 0.61422562408027748 0.69393016953982223 0.61957199455219247
decision_type=2 2 2 2 2
left_child=1 2 -1 4 -2
right_child=3 -3 -4 -5 -6
leaf_value=-1.6567060094452058e-05 -0.0018209644254760431 -0.0088797111122492223 0.015510800519925415 0.0065429835677141479 -0.012196640684110726
leaf_weight=1205 357 70 70 47 47
leaf_count=1205 357 70 70 47 47
internal_value=-0.00026258 0.00033027 0.000835916 -0.00203061 -0.00302804
internal_weight=1796 1345 1275 451 404
internal_count=1796 1345 1275 451 404
is_linear=0
shrinkage=0.282327


Tree=28
num_leaves=5
num_cat=0
split_feature=1 3 5 2
split_gain=0.0310293 0.0510986 0.101138 0.0427196
threshold=2633.0000000000005 6230.166666666667 119.50000000000001 22324.000000000004
decision_type=2 2 2 2
left_child=-1 2 -2 -3
right_child=1 3 -4 -5
leaf_value=0.0057729143970636256 0.0029268720745520335 0.0022389965463378687 -0.013465790396934558 -0.00094487724694247331
leaf_weight=67 55 478 66 1130
leaf_count=67 55 478 66 1130
internal_value=-0.000188446 -0.000419454 -0.00601458 1.5728e-06
internal_weight=1796 1729 121 1608
internal_count=1796 1729 121 1608
is_linear=0
shrinkage=0.282327


Tree=29
num_leaves=6
num_cat=0
split_feature=3 2 1 5 1
split_gain=0.0263132 0.279761 0.185351 0.167305 0.125743
threshold=7321.2500000000009 22075.500000000004 7639.0000000000009 4795.0000000000009 7593.5000000000009
decision_type=2 2 2 2 2
left_child=3 -2 -3 4 -1
right_child=1 2 -4 -5 -6
leaf_value=0.0011344963434196513 0.02031407221865671 -0.013494018457130792 0.00069502200873888603 -0.019515527844668326 -0.01130857221969726
leaf_weight=517 55 79 1032 39 74
leaf_count=517 55 79 1032 39 74
internal_value=-0.000135243 0.000659099 -0.00031392 -0.00160541 -0.000423519
internal_weight=1796 1166 1111 630 591
internal_count=1796 1166 1111 630 591
is_linear=0
shrinkage=0.282327


Tree=30
num_leaves=6
num_cat=0
split_feature=1 6 1 2 1
split_gain=0.0513564 0.212605 0.133772 0.103445 0.0669047
threshold=6911.0000000000009 3117.5000000000005 6973.0000000000009 19575.000000000004 7097.0000000000009
decision_type=2 2 2 2 2
left_child=1 3 -2 -1 -4
right_child=2 -3 4 -5 -6
leaf_value=-0.0010217360251501442 0.016851087018185679 0.013246664353267087 -0.010296735317254247 -0.011557258162682762 0.00065355573188319814
leaf_weight=157 40 54 46 141 1341
leaf_count=157 40 54 46 141 1341
internal_value=1.20619e-06 -0.00305303 0.000754598 -0.00600666 0.000290388
internal_weight=1779 352 1427 298 1387
internal_count=1779 352 1427 298 1387
is_linear=0
shrinkage=0.282327


Tree=31
num_leaves=8
num_cat=0
split_feature=5 7 0 5 0 0 2
split_gain=0.0380338 0.103193 0.167307 0.0722091 0.307297 0.112371 0.0137968
threshold=186.50000000000003 1.0000000180025095e-35 165.50000000000003 5038.5000000000009 4899.5000000000009 992.00000000000011 20781.500000000004
decision_type=2 2 2 2 2 2 2
left_child=1 6 -3 5 -5 -2 -1
right_child=3 2 -4 4 -6 -7 -8
leaf_value=0.00035420187330295291 -0.00075683792739548962 -0.0020139265363648658 0.021467874093048196 0.024998134146060325 1.1776039708738008e-06 -0.0097081854512735197 -0.0059580873416395343
leaf_weight=69 488 46 51 41 893 145 46
leaf_count=69 488 46 51 41 893 145 46
internal_value=8.65751e-07 0.00354995 0.0103322 -0.000479291 0.00109847 -0.0028073 -0.00217071
internal_weight=1779 212 97 1567 934 633 115
internal_count=1779 212 97 1567 934 633 115
is_linear=0
shrinkage=0.282327


Tree=32
num_leaves=4
num_cat=0
split_feature=1 1 1
split_gain=0.0377852 0.0968225 0.0571214
threshold=2564.5000000000005 6187.0000000000009 6911.0000000000009
decision_type=2 2 2
left_child=-1 -2 -3
right_child=1 2 -4
leaf_value=-0.0070246602062382342 0.013630595119752155 -0.0040211527169186773 0.0005973261727224735
leaf_weight=59 42 251 1427
leaf_count=59 42 251 1427
internal_value=6.21225e-07 0.000241605 -9.3519e-05
internal_weight=1779 1720 1678
internal_count=1779 1720 1678
is_linear=0
shrinkage=0.282327


Tree=33
num_leaves=5
num_cat=0
split_feature=3 3 6 1
split_gain=0.0339555 0.0520428 0.0484234 0.00934525
threshold=9909078.6544609424 8585639.8250609543 12885113.54329122 10621790.483315475
decision_type=2 2 2 2
left_child=1 2 -1 -3
right_child=-2 3 -4 -5
leaf_value=-0.00014447330846810585 0.0081332339956010011 -0.004143269418526445 0.0080913610947236855 -0.010325900908364539
leaf_weight=1602 40 38 59 40
leaf_count=1602 40 38 59 40
internal_value=4.4584e-07 -0.000186622 0.00014807 -0.00731385
internal_weight=1779 1739 1661 78
internal_count=1779 1739 1661 78
is_linear=0
shrinkage=0.282327


Tree=34
num_leaves=8
num_cat=0
split_feature=8 3 5 3 5 3 1
split_gain=0.0324069 0.0885167 0.163923 0.103698 0.0509622 0.0811756 0.0512663
threshold=1.0000000180025095e-35 6531.166666666667 308.00000000000006 7040.8333333333348 301.50000000000006 6850.8333333333348 8138.5000000000009
decision_type=2 2 2 2 2 2 2
left_child=4 2 -2 -3 5 -1 -6
right_child=1 3 -4 -5 6 -7 -8
leaf_value=0.0020403152894173382 0.020343614141846336 -0.010341282336658344 -0.0035976109880480373 -0.00094876129879496057 0.0048862661042869075 -0.010490120207111025 0.00032775142525500855
leaf_weight=93 40 114 53 526 297 74 582
leaf_count=93 40 114 53 526 297 74 582
internal_value=3.20035e-07 -0.00143913 0.00669969 -0.0026218 0.00100904 -0.00351209 0.001868
internal_weight=1779 733 93 640 1046 167 879
internal_count=1779 733 93 640 1046 167 879
is_linear=0
shrinkage=0.282327


Tree=35
num_leaves=7
num_cat=0
split_feature=10 3 2 5 5 6
split_gain=0.0555658 0.128998 0.122313 0.0588083 0.183366 0.0872443
threshold=-1.0000000180025095e-35 6230.166666666667 22324.000000000004 608.50000000000011 5038.5000000000009 871.50000000000011
decision_type=2 2 2 2 2 2
left_child=1 -1 -3 5 -5 -2
right_child=3 2 -4 4 -6 -7
leaf_value=-0.012536201830075096 -0.00075446348444035906 0.0083297300178827097 4.4196239270478202e-05 -0.010996561439041206 -0.00046468419437291402 0.010249786940982941
leaf_weight=46 235 219 404 166 639 76
leaf_count=46 235 219 404 166 639 76
internal_value=-0.000143012 0.00189148 0.00295677 -0.00136261 -0.00263648 0.00193468
internal_weight=1785 669 623 1116 805 311
internal_count=1785 669 623 1116 805 311
is_linear=0
shrinkage=0.282327


Tree=36
num_leaves=4
num_cat=0
split_feature=0 0 2
split_gain=0.0321877 0.0406694 0.0262828
threshold=73.500000000000014 124.50000000000001 17298.500000000004
decision_type=2 2 2
left_child=-1 -2 -3
right_child=1 2 -4
leaf_value=0.0078159235732047153 -0.0084765043160781213 0.0044800940427055175 -0.00032929806752420991
leaf_weight=40 47 96 1602
leaf_count=40 47 96 1602
internal_value=-0.000102636 -0.00028415 -5.7389e-05
internal_weight=1785 1745 1698
internal_count=1785 1745 1698
is_linear=0
shrinkage=0.282327


Tree=37
num_leaves=7
num_cat=0
split_feature=10 2 5 2 10 8
split_gain=0.0300633 0.0824294 0.0784009 0.0395738 0.0698494 0.064749
threshold=-1.0000000180025095e-35 19286.500000000004 2770091.1288122335 17298.500000000004 1.0000000180025095e-35 1.0000000180025095e-35
decision_type=2 2 2 2 2 2
left_child=1 -1 -3 4 -2 -5
right_child=3 2 -4 5 -6 -7
leaf_value=-0.0099777532872006511 -0.0029067654244318212 0.0037615795527365745 -0.0045166278395379188 7.6835743919631929e-05 0.012920857976360804 -0.0047236019446009357
leaf_weight=47 46 511 111 697 43 330
leaf_count=47 46 511 111 697 43 330
internal_value=-7.3659e-05 0.00142282 0.00228428 -0.000970742 0.00474029 -0.00146566
internal_weight=1785 669 622 1116 89 1027
internal_count=1785 669 622 1116 89 1027
is_linear=0
shrinkage=0.282327


Tree=38
num_leaves=5
num_cat=0
split_feature=9 7 9 9
split_gain=0.0431792 0.129873 0.066272 0.0584122
threshold=0.73561965729412682 5134.8333333333348 0.69163716022963906 0.58788132855629038
decision_type=2 2 2 2
left_child=2 -2 3 -1
right_child=1 -3 -4 -5
leaf_value=0.00042253124306130944 -0.018098625726684418 0.0047975194582399886 0.0099787098311341742 -0.0057690358200013477
leaf_weight=1520 39 40 54 132
leaf_count=1520 39 40 54 132
internal_value=-5.2863e-05 -0.00650564 0.000245947 -7.21945e-05
internal_weight=1785 79 1706 1652
internal_count=1785 79 1706 1652
is_linear=0
shrinkage=0.282327


Tree=39
num_leaves=4
num_cat=0
split_feature=1 2 1
split_gain=0.0387632 0.0665885 0.036969
threshold=2564.5000000000005 17298.500000000004 6911.0000000000009
decision_type=2 2 2
left_child=-1 -2 -3
right_child=1 2 -4
leaf_value=-0.0071539639820895713 0.010154955577968836 -0.0031225824540861342 0.00047934852269995411
leaf_weight=59 52 271 1403
leaf_count=59 52 271 1403
internal_value=-3.79384e-05 0.000205309 -0.00010376
internal_weight=1785 1726 1674
internal_count=1785 1726 1674
is_linear=0
shrinkage=0.282327


Tree=40
num_leaves=7
num_cat=0
split_feature=6 9 1 6 10 1
split_gain=0.041459 0.121533 0.0959203 0.0856329 0.140385 0.0797405
threshold=1602.5000000000002 0.087262704405957264 7176.0000000000009 408.00000000000006 1.0000000180025095e-35 7694.5000000000009
decision_type=2 2 2 2 2 2
left_child=3 -2 -3 4 -1 -5
right_child=1 2 -4 5 -6 -7
leaf_value=-0.0019618564883553415 0.013866141786791592 0.006836722761796807 -0.0007742974027150157 -0.0024915735892729412 0.013099731152244439 -0.012557973779616248
leaf_weight=187 55 153 961 278 67 81
leaf_count=187 55 153 961 278 67 81
internal_value=-7.54669e-05 0.000910656 0.000271022 -0.00195602 0.00201108 -0.00476282
internal_weight=1782 1169 1114 613 254 359
internal_count=1782 1169 1114 613 254 359
is_linear=0
shrinkage=0.282327


Tree=41
num_leaves=7
num_cat=0
split_feature=2 2 2 3 0 6
split_gain=0.0526865 0.27613 0.192998 0.179228 0.0842195 0.0448778
threshold=21956.500000000004 22324.000000000004 22908.000000000004 7229.5000000000009 4388.0000000000009 771.00000000000011
decision_type=2 2 2 2 2 2
left_child=3 5 -3 4 -1 -2
right_child=1 2 -4 -5 -6 -7
leaf_value=0.00071686352467350189 0.024343799846774931 -0.013648055540138735 0.00090887983668555756 -0.016356265044537289 -0.011066402872138002 0.010622618511342842
leaf_weight=462 38 78 1048 64 54 38
leaf_count=462 38 78 1048 64 54 38
internal_value=-5.41606e-05 0.00101221 -9.95047e-05 -0.00226413 -0.000516269 0.0174832
internal_weight=1782 1202 1126 580 516 76
internal_count=1782 1202 1126 580 516 76
is_linear=0
shrinkage=0.282327


Tree=42
num_leaves=6
num_cat=0
split_feature=3 9 9 3 6
split_gain=0.033248 0.141619 0.194546 0.0947347 0.120594
threshold=7321.2500000000009 0.67194634744104553 0.56498426881407771 7389.0833333333348 295.00000000000006
decision_type=2 2 2 2 2
left_child=1 2 -1 -2 -5
right_child=3 -3 -4 4 -6
leaf_value=-0.0019484514841571906 0.013864141270533736 -0.016951154588896192 0.017997080473162102 -0.014481215169547432 0.00094173465350414485
leaf_weight=542 43 45 42 42 1068
leaf_count=542 43 45 42 42 1068
internal_value=-3.88696e-05 -0.00168996 -0.000514013 0.000861856 0.000358164
internal_weight=1782 629 584 1153 1110
internal_count=1782 629 584 1153 1110
is_linear=0
shrinkage=0.282327


Tree=43
num_leaves=5
num_cat=0
split_feature=2 6 7 9
split_gain=0.0362126 0.0199103 0.0499997 0.0375437
threshold=41424157.341470011 9202149.8281950206 4571749.2134188721 0.76753228329392731
decision_type=2 2 2 2
left_child=1 3 -3 -1
right_child=-2 2 -4 -5
leaf_value=-0.00011142906690781834 0.0084804483742021482 -0.0090132671646494106 0.00048205501548263504 0.0085471466278750803
leaf_weight=1510 39 69 123 41
leaf_count=1510 39 69 123 41
internal_value=-2.78957e-05 -0.000218272 -0.00293033 0.000117457
internal_weight=1782 1743 192 1551
internal_count=1782 1743 192 1551
is_linear=0
shrinkage=0.282327


Tree=44
num_leaves=7
num_cat=0
split_feature=1 1 2 1 1 5
split_gain=0.0434029 0.271099 0.30173 0.246464 0.160711 0.129785
threshold=7394.5000000000009 7659.5000000000009 22398.000000000004 7331.0000000000009 7982.5000000000009 5038.5000000000009
decision_type=2 2 2 2 2 2
left_child=3 2 -2 5 -3 -1
right_child=1 4 -4 -5 -6 -7
leaf_value=-0.0016206291430995883 0.034765286083984416 -0.011022786812024395 0.0032713216173548237 -0.02206655120924934 0.00075775779145817771 0.014191215445338093
leaf_weight=514 38 102 67 45 971 45
leaf_count=514 38 102 67 45 971 45
internal_value=-2.00199e-05 0.000977689 0.0146691 -0.00196588 -0.000362108 -0.000347762
internal_weight=1782 1178 105 604 1073 559
internal_count=1782 1178 105 604 1073 559
is_linear=0
shrinkage=0.282327


Tree=45
num_leaves=7
num_cat=0
split_feature=5 2 5 2 0 5
split_gain=0.0241736 0.102453 0.135964 0.109902 0.0824244 0.0163117
threshold=5460.5000000000009 23991.000000000004 4942.0000000000009 24744.500000000004 1136538.0000000002 709334.51420330454
decision_type=2 2 2 2 2 2
left_child=1 2 -1 -3 -2 -6
right_child=4 3 -4 -5 5 -7
leaf_value=-0.00040354227123459919 -0.012086074310347186 0.021999255543911279 0.016678000839125854 0.0013788753968309319 -0.0035206321724230525 0.00038974877073814511
leaf_weight=780 48 38 39 45 96 744
leaf_count=780 48 38 39 45 96 744
internal_value=0.000338302 0.00136774 0.000409865 0.0108195 -0.000707364 -5.71519e-05
internal_weight=1790 902 819 83 888 840
internal_count=1790 902 819 83 888 840
is_linear=0
shrinkage=0.282327


Tree=46
num_leaves=5
num_cat=0
split_feature=1 1 1 2
split_gain=0.0477226 0.037908 0.242725 0.0886676
threshold=2564.5000000000005 8138.5000000000009 7926.0000000000009 24982.500000000004
decision_type=2 2 2 2
left_child=-1 2 -2 -3
right_child=1 3 -4 -5
leaf_value=-0.0075182623915093227 0.00074131366823066 -0.01251925802961092 0.022090873838864839 -6.132736220005847e-05
leaf_weight=61 748 48 45 888
leaf_count=61 748 48 45 888
internal_value=0.00024279 0.000516604 0.00195283 -0.000700196
internal_weight=1790 1729 793 936
internal_count=1790 1729 793 936
is_linear=0
shrinkage=0.282327


Tree=47
num_leaves=5
num_cat=0
split_feature=1 1 0 2
split_gain=0.0245797 0.0353411 0.216759 0.0338489
threshold=2564.5000000000005 6496.0000000000009 580.00000000000011 19473.000000000004
decision_type=2 2 2 2
left_child=-1 2 -2 -3
right_child=1 3 -4 -5
leaf_value=-0.0053956535792749304 -0.0052713058861553596 -0.0072086081951864295 0.019001612827198318 0.00025407308428832269
leaf_weight=61 69 50 51 1559
leaf_count=61 69 50 51 1559
internal_value=0.000174244 0.000370753 0.00504468 2.21688e-05
internal_weight=1790 1729 120 1609
internal_count=1790 1729 120 1609
is_linear=0
shrinkage=0.282327


Tree=48
num_leaves=6
num_cat=0
split_feature=9 5 7 5 7
split_gain=0.030347 0.0757724 0.0508495 0.143504 0.0903726
threshold=0.69393016953982223 5898.0000000000009 491.25000000000006 1180.0000000000002 528.75000000000011
decision_type=2 2 2 2 2
left_child=2 -2 3 -1 -4
right_child=1 -3 4 -5 -6
leaf_value=0.0012678672116393764 -0.011572704296374197 0.0024648043202503875 -0.013803879467375175 0.018136495090227626 -0.00027053797283959426
leaf_weight=617 58 65 41 43 966
leaf_count=617 58 65 41 43 966
internal_value=0.00012505 -0.00415451 0.000440819 0.00236688 -0.000821548
internal_weight=1790 123 1667 660 1007
internal_count=1790 123 1667 660 1007
is_linear=0
shrinkage=0.282327


Tree=49
num_leaves=7
num_cat=0
split_feature=9 9 3 3 2 9
split_gain=0.0211295 0.0964648 0.101247 0.071334 0.223083 0.0765715
threshold=0.14208612113784908 0.15677508351443695 6147.0833333333348 7813.8333333333348 24607.500000000004 0.11561041555037876
decision_type=2 2 2 2 2 2
left_child=3 -2 -3 5 -5 -1
right_child=1 2 -4 4 -6 -7
leaf_value=-0.0012590463555841652 -0.011934800892425813 -0.012717727638868487 0.00058487029899616531 0.022858230167262846 -0.00028677100386295077 0.0091350553478275684
leaf_weight=547 58 48 914 47 113 63
leaf_count=547 58 48 914 47 113 63
internal_value=8.97452e-05 -0.000753037 -7.88768e-05 0.00120616 0.00651207 -0.000185557
internal_weight=1790 1020 962 770 160 610
internal_count=1790 1020 962 770 160 610
is_linear=0
shrinkage=0.282327


Tree=50
num_leaves=7
num_cat=0
split_feature=0 7 10 6 3 6
split_gain=0.0338446 0.108531 0.0659413 0.154139 0.0744969 0.018042
threshold=4899.5000000000009 1078.5000000000002 1.0000000180025095e-35 475.00000000000006 6812.7500000000009 6718718.3582685059
decision_type=2 2 2 2 2 2
left_child=2 -2 4 -4 -1 -3
right_child=1 5 3 -5 -6 -7
leaf_value=0.0034203930719280632 -0.014956364998426933 0.00074147673391071337 0.016090022782351422 0.0015246685286253005 -0.0037167706472816951 -0.0018675711815360849
leaf_weight=204 42 545 72 296 272 345
leaf_count=204 42 545 72 296 272 345
internal_value=0.000241108 -0.000931732 0.00153623 0.00437441 -0.000657986 -0.000269896
internal_weight=1776 932 844 368 476 890
internal_count=1776 932 844 368 476 890
is_linear=0
shrinkage=0.282327


Tree=51
num_leaves=5
num_cat=0
split_feature=1 1 1 2
split_gain=0.0327654 0.0482636 0.104449 0.0437001
threshold=2633.0000000000005 6458.5000000000009 6528.0000000000009 19135.000000000004
decision_type=2 2 2 2
left_child=-1 3 -3 -2
right_child=1 2 -4 -5
leaf_value=0.006297563692007695 -0.0011599465721783251 0.014921484356280136 -5.7551556789377589e-05 -0.013514980162147255
leaf_weight=67 55 38 1577 39
leaf_count=67 55 38 1577 39
internal_value=0.000173037 -6.70706e-05 0.000294896 -0.00628597
internal_weight=1776 1709 1615 94
internal_count=1776 1709 1615 94
is_linear=0
shrinkage=0.282327


Tree=52
num_leaves=6
num_cat=0
split_feature=5 5 7 3 3
split_gain=0.0287046 0.0941132 0.0799518 0.0766436 0.0380648
threshold=1070.5000000000002 1180.0000000000002 967.91666666666686 7605.8333333333348 7181.5000000000009
decision_type=2 2 2 2 2
left_child=2 -2 3 -1 -3
right_child=1 4 -4 -5 -6
leaf_value=-0.00070385459678953713 -0.013762076405539074 -0.006345392130605078 0.013005292881567607 0.0069281525347394662 0.00022826667003976773
leaf_weight=561 43 76 45 129 922
leaf_count=561 43 76 45 129 922
internal_value=0.000124184 -0.000829546 0.00147498 0.000722999 -0.000272333
internal_weight=1776 1041 735 690 998
internal_count=1776 1041 735 690 998
is_linear=0
shrinkage=0.282327


Tree=53
num_leaves=8
num_cat=0
split_feature=2 2 0 0 2 2 7
split_gain=0.026877 0.128685 0.18606 0.132963 0.0679836 0.0739208 0.0173853
threshold=22324.000000000004 21956.500000000004 741.50000000000011 4388.0000000000009 22908.000000000004 23354.500000000004 115.75000000000001
decision_type=2 2 2 2 2 2 2
left_child=1 3 -3 -1 6 -6 -2
right_child=4 2 -4 -5 5 -7 -8
leaf_value=0.0015424673284973774 -0.0046827244117312499 -0.0015005642484109123 0.026077381914412973 -0.012394584520025738 0.010332612845855328 -0.00068906716594799376 -0.013115464594216085
leaf_weight=517 40 39 39 61 51 991 38
leaf_count=517 40 39 39 61 51 991 38
internal_value=8.91233e-05 0.00152421 0.0122884 7.1602e-05 -0.000751428 -0.000149618 -0.00879098
internal_weight=1776 656 78 578 1120 1042 78
internal_count=1776 656 78 578 1120 1042 78
is_linear=0
shrinkage=0.282327


Tree=54
num_leaves=7
num_cat=0
split_feature=1 2 1 2 7 1
split_gain=0.0238502 0.172262 0.159701 0.140045 0.13651 0.0987664
threshold=7176.0000000000009 21723.000000000004 7097.0000000000009 21993.000000000004 967.91666666666686 7374.5000000000009
decision_type=2 2 2 2 2 2
left_child=2 5 4 -3 -1 -2
right_child=1 3 -4 -5 -6 -7
leaf_value=-0.0021233131857887524 -0.023429298329175365 0.01537774241450799 0.018391140484158019 -0.00034129838522866453 0.010891809833873195 -0.003583079279035466
leaf_weight=364 39 47 42 1165 78 41
leaf_count=364 39 47 42 1165 78 41
internal_value=6.39614e-05 -0.000569278 0.00175435 0.000268268 0.000173473 -0.0132581
internal_weight=1776 1292 484 1212 442 80
internal_count=1776 1292 484 1212 442 80
is_linear=0
shrinkage=0.282327


Tree=55
num_leaves=6
num_cat=0
split_feature=9 6 6 3 5
split_gain=0.04116 0.0410883 0.118481 0.0823047 0.0149699
threshold=0.013801674515960202 579.50000000000011 691.50000000000011 7331.0000000000009 1.0000000180025095e-35
decision_type=2 2 2 2 2
left_child=4 3 -3 -2 -1
right_child=1 2 -4 -5 -6
leaf_value=0.0030038420544804198 0.00036912554074860885 0.015101574377962749 5.9058519263578461e-05 -0.011301046887588364 0.0098221654363334337
leaf_weight=66 138 43 1420 74 42
leaf_count=66 138 43 1420 74 42
internal_value=0.000313335 -3.11089e-05 0.000501183 -0.00370443 0.00565541
internal_weight=1783 1675 1463 212 108
internal_count=1783 1675 1463 212 108
is_linear=0
shrinkage=0.282327


Tree=56
num_leaves=5
num_cat=0
split_feature=0 3 7 5
split_gain=0.0284266 0.0448394 0.0328973 0.0255233
threshold=8621871.0000000019 8343133.7954466501 4958040.7110416023 608.50000000000011
decision_type=2 2 2 2
left_child=1 3 -2 -1
right_child=2 -3 -4 -5
leaf_value=0.0017108967234514116 0.0083213449186352838 -0.0087748733887086962 -0.00097423109327456634 -0.00065109750404958549
leaf_weight=557 71 46 53 1056
leaf_count=557 71 46 53 1056
internal_value=0.000224872 -8.33235e-05 0.00434824 0.000164545
internal_weight=1783 1659 124 1613
internal_count=1783 1659 124 1613
is_linear=0
shrinkage=0.282327


Tree=57
num_leaves=4
num_cat=0
split_feature=3 3 0
split_gain=0.0166892 0.0222758 0.0279429
threshold=9909078.6544609424 9008808.2238362748 8621871.0000000019
decision_type=2 2 2
left_child=1 2 -1
right_child=-2 -3 -4
leaf_value=-2.4653669599351114e-05 0.006014687679003118 -0.0061660501450939275 0.0060813865651766713
leaf_weight=1638 38 45 62
leaf_count=1638 38 45 62
internal_value=0.000161385 3.39203e-05 0.000198037
internal_weight=1783 1745 1700
internal_count=1783 1745 1700
is_linear=0
shrinkage=0.282327


Tree=58
num_leaves=7
num_cat=0
split_feature=1 1 5 1 1 7
split_gain=0.0283832 0.235801 0.205206 0.171419 0.0984181 0.0655569
threshold=7394.5000000000009 7659.5000000000009 371.50000000000006 7331.0000000000009 7982.5000000000009 1024.166666666667
decision_type=2 2 2 2 2 2
left_child=3 2 -2 5 -3 -1
right_child=1 4 -4 -5 -6 -7
leaf_value=-0.0012052634051096609 -0.0010045834369254397 -0.0085805193379242146 0.02429137276028354 -0.018024219342266848 0.00055783200564383845 0.008334777002807504
leaf_weight=492 44 104 61 46 971 65
leaf_count=492 44 104 61 46 971 65
internal_value=0.000115822 0.000921062 0.0136912 -0.00145994 -0.00032625 -9.19732e-05
internal_weight=1783 1180 105 603 1075 557
internal_count=1783 1180 105 603 1075 557
is_linear=0
shrinkage=0.282327


Tree=59
num_leaves=6
num_cat=0
split_feature=9 7 9 9 7
split_gain=0.0363597 0.0590565 0.0363923 0.0332696 0.0259031
threshold=0.58788132855629038 4803.0000000000009 0.72053472019846532 0.55502292478437532 491.25000000000006
decision_type=2 2 2 2 2
left_child=3 -2 -3 4 -1
right_child=1 2 -4 -5 -6
leaf_value=0.0017482676384578818 -0.010213619623945328 -0.0035375851031837209 0.0043329347670108074 0.0072471767387310773 -0.0006607225820124366
leaf_weight=614 67 122 76 58 846
leaf_count=614 67 122 76 58 846
internal_value=8.31219e-05 -0.00296828 -0.000516577 0.000615811 0.000352373
internal_weight=1783 265 198 1518 1460
internal_count=1783 265 198 1518 1460
is_linear=0
shrinkage=0.282327


Tree=60
num_leaves=7
num_cat=0
split_feature=7 7 3 1 7 2
split_gain=0.021059 0.0533694 0.070206 0.0512559 0.108249 0.0534981
threshold=235.49999999999997 185.41666666666666 7895.8333333333348 6911.0000000000009 463.50000000000006 21533.500000000004
decision_type=2 2 2 2 2 2
left_child=1 2 -1 4 -2 -5
right_child=3 -3 -4 5 -6 -7
leaf_value=0.0011108578960409255 -0.018184644346974276 0.010990598815895506 -0.010488568014774359 0.0061885572124502084 -0.0014995346061920517 -0.0012250833026853003
leaf_weight=434 43 38 46 84 111 1016
leaf_count=434 43 38 46 84 111 1016
internal_value=-0.000708777 0.000805562 -7.53754e-07 -0.00133432 -0.00615836 -0.000658951
internal_weight=1772 518 480 1254 154 1100
internal_count=1772 518 480 1254 154 1100
is_linear=0
shrinkage=0.282327


Tree=61
num_leaves=8
num_cat=0
split_feature=0 3 2 1 0 0 3
split_gain=0.0275063 0.0774432 0.195817 0.108857 0.0433749 0.0454578 0.0281115
threshold=250.00000000000003 6925.166666666667 19397.500000000004 7582.5000000000009 310.50000000000006 397.00000000000006 7054.166666666667
decision_type=2 2 2 2 2 2 2
left_child=1 2 -1 -3 6 -6 -2
right_child=4 3 -4 -5 5 -7 -8
leaf_value=-0.0084946484817362243 0.00099303011686773337 -0.014845573303432622 0.016171477709086227 0.0015590548318960616 -0.0063886987838665905 -1.4271124230677435e-06 0.011782887405150955
leaf_weight=58 38 76 46 56 95 1364 39
leaf_count=58 38 76 46 56 95 1364 39
internal_value=-0.00050867 -0.00334643 0.00241537 -0.00788603 -7.26596e-05 -0.000417322 0.00645802
internal_weight=1772 236 104 132 1536 1459 77
internal_count=1772 236 104 132 1536 1459 77
is_linear=0
shrinkage=0.282327


Tree=62
num_leaves=7
num_cat=0
split_feature=0 2 1 2 1 1
split_gain=0.0203599 0.122393 0.0371808 0.170983 0.119414 0.0159128
threshold=5270.0000000000009 23719.500000000004 7982.5000000000009 24243.500000000004 7458.0000000000009 5117168.3195060408
decision_type=2 2 2 2 2 2
left_child=2 -2 4 -4 -1 -3
right_child=1 5 3 -5 -6 -7
leaf_value=-0.00014205156661517359 0.01492743169073488 -0.0017345394508839073 0.017522729567134777 -0.0060461523142529075 -0.0086366809537327845 0.00077372357043777658
leaf_weight=601 45 325 42 59 169 531
leaf_count=601 45 325 42 59 169 531
internal_value=-0.000365059 0.000575867 -0.00133839 0.00375477 -0.00200646 -0.000178596
internal_weight=1772 901 871 101 770 856
internal_count=1772 901 871 101 770 856
is_linear=0
shrinkage=0.282327


Tree=63
num_leaves=8
num_cat=0
split_feature=7 7 3 3 1 1 1
split_gain=0.0220426 0.0722501 0.0529663 0.143904 0.0647321 0.0412286 0.0324975
threshold=491.25000000000006 987.41666666666686 7253.5833333333348 7346.3333333333339 7176.0000000000009 6973.0000000000009 7145.0000000000009
decision_type=2 2 2 2 2 2 2
left_child=2 6 4 -4 -1 -3 -2
right_child=1 5 3 -5 -6 -7 -8
leaf_value=0.001282604790366543 -0.012277794899629249 0.0068525793353050981 0.017465600047733981 0.0008279237030238692 -0.0065491399595967613 -0.00072441255689276922 -0.0027767988643580895
leaf_weight=293 60 61 52 204 118 929 55
leaf_count=293 60 61 52 204 118 929 55
internal_value=-0.000261993 -0.00103562 0.00101966 0.00420745 -0.000965925 -0.000257547 -0.00773384
internal_weight=1772 1105 667 256 411 990 115
internal_count=1772 1105 667 256 411 990 115
is_linear=0
shrinkage=0.282327


Tree=64
num_leaves=7
num_cat=0
split_feature=3 3 0 0 3 2
split_gain=0.0177492 0.0646374 0.0851471 0.0640052 0.0449491 0.0186136
threshold=7321.2500000000009 6938.8333333333348 129.00000000000003 1173.0000000000002 7389.0833333333348 22908.000000000004
decision_type=2 2 2 2 2 2
left_child=1 2 -1 -3 -2 -6
right_child=4 3 -4 -5 5 -7
leaf_value=0.01277638353075273 0.0095363103183313223 -0.0075658976840166058 -0.00066058103768379969 0.004551536209900931 -0.0037416583985882394 0.00047327749289189231
leaf_weight=42 42 181 358 43 91 1015
leaf_count=42 42 181 358 43 91 1015
internal_value=-0.000188025 -0.00139999 0.0007503 -0.00523978 0.000470741 0.000126479
internal_weight=1772 624 400 224 1148 1106
internal_count=1772 624 400 224 1148 1106
is_linear=0
shrinkage=0.282327


Tree=65
num_leaves=6
num_cat=0
split_feature=6 6 7 9 1
split_gain=0.0347877 0.112083 0.0731063 0.079499 0.0613797
threshold=914.00000000000011 1275.5000000000002 235.49999999999997 0.1290027308456316 6973.0000000000009
decision_type=2 2 2 2 2
left_child=2 -2 3 -1 -3
right_child=1 4 -4 -5 -6
leaf_value=0.0010438001859831229 0.011570320149120607 0.0051070945097559869 -0.011414085782942923 -0.010210671823005052 -0.00058506978353328667
leaf_weight=329 73 175 58 59 1101
leaf_count=329 73 175 58 59 1101
internal_value=9.64773e-05 0.000811129 -0.0020651 -0.000667576 0.000195595
internal_weight=1795 1349 446 388 1276
internal_count=1795 1349 446 388 1276
is_linear=0
shrinkage=0.282327


Tree=66
num_leaves=6
num_cat=0
split_feature=3 9 2 3 9
split_gain=0.0332944 0.139802 0.0755209 0.0499687 0.0306162
threshold=7321.2500000000009 0.67194634744104553 22075.500000000004 7229.5000000000009 0.57715128902121537
decision_type=2 2 2 2 2
left_child=1 3 -2 -1 -4
right_child=2 -3 4 -5 -6
leaf_value=0.00034732035091187663 0.011490446285618378 -0.016735067520778853 0.0011663755261205936 -0.0091517686327812382 -0.0027492426976426371
leaf_weight=549 52 45 908 48 193
leaf_count=549 52 45 908 48 193
internal_value=6.92392e-05 -0.00156026 0.000976555 -0.000416425 0.000479987
internal_weight=1795 642 1153 597 1101
internal_count=1795 642 1153 597 1101
is_linear=0
shrinkage=0.282327


Tree=67
num_leaves=7
num_cat=0
split_feature=7 9 0 5 9 9
split_gain=0.0252587 0.0514411 0.0981383 0.0309313 0.149423 0.107965
threshold=123.50000000000001 0.63240335556885641 1073.5000000000002 428.00000000000006 0.048741175095681356 0.077911207491381376
decision_type=2 2 2 2 2 2
left_child=1 2 -1 4 -2 -5
right_child=3 -3 -4 5 -6 -7
leaf_value=-0.0025595091969176005 -0.00013074162604776585 -0.011101160532224272 0.010731942924231705 -0.013213191227907416 0.017284440687987887 0.00060823505370075027
leaf_weight=336 183 43 51 47 50 1085
leaf_count=336 183 43 51 47 50 1085
internal_value=4.96911e-05 -0.00183725 -0.000807922 0.000644111 0.00360642 3.43772e-05
internal_weight=1795 430 387 1365 233 1132
internal_count=1795 430 387 1365 233 1132
is_linear=0
shrinkage=0.282327


Tree=68
num_leaves=7
num_cat=0
split_feature=5 1 1 5 2 5
split_gain=0.0183029 0.042069 0.0383975 0.0369759 0.0998716 0.0340439
threshold=709334.51420330454 2552964.2116058092 3261816.2637340766 933.50000000000011 20256.000000000004 653.50000000000011
decision_type=2 2 2 2 2 2
left_child=3 -2 -3 5 -5 -1
right_child=1 2 -4 4 -6 -7
leaf_value=-0.00032119278030124499 0.0088484092188474157 -0.0082025755187521716 0.0010274700945645024 0.0069817638054071249 -0.0052397367763904832 0.0053625227209152708
leaf_weight=588 52 38 658 65 296 98
leaf_count=588 52 38 658 65 296 98
internal_value=3.56619e-05 0.00110227 0.000523531 -0.000726343 -0.00303919 0.000490767
internal_weight=1795 748 696 1047 361 686
internal_count=1795 748 696 1047 361 686
is_linear=0
shrinkage=0.282327


Tree=69
num_leaves=6
num_cat=0
split_feature=2 2 2 1 10
split_gain=0.0200696 0.168151 0.0954334 0.0709955 0.0611738
threshold=22183.500000000004 22437.500000000004 21993.000000000004 7639.0000000000009 1.0000000180025095e-35
decision_type=2 2 2 2 2
left_child=2 -2 4 -3 -1
right_child=1 3 -4 -5 -6
leaf_value=-0.0028285053237668634 0.01871080191454632 -0.0089010296537313689 -0.014255592832580294 0.00064416367454172619 0.0029608166715540821
leaf_weight=337 40 66 42 1054 256
leaf_count=337 40 66 42 1054 256
internal_value=2.55936e-05 0.000724063 -0.00125035 8.16791e-05 -0.000329236
internal_weight=1795 1160 635 1120 593
internal_count=1795 1160 635 1120 593
is_linear=0
shrinkage=0.282327


Tree=70
num_leaves=6
num_cat=0
split_feature=1 1 1 1 5
split_gain=0.0706022 0.111279 0.10757 0.0626232 0.0520614
threshold=7318.0000000000009 7176.0000000000009 7458.0000000000009 7565.5000000000009 86.500000000000014
decision_type=2 2 2 2 2
left_child=1 4 -2 -4 -1
right_child=2 -3 3 -5 -6
leaf_value=-0.0082431449143188541 0.011761897540944578 -0.014156678143792491 -0.010108415542755 0.0011268559399223903 0.00013619543231157134
leaf_weight=69 75 58 41 1113 412
leaf_count=69 75 58 41 1113 412
internal_value=0.000219534 -0.00247449 0.00140105 0.000727683 -0.00106583
internal_weight=1768 539 1229 1154 481
internal_count=1768 539 1229 1154 481
is_linear=0
shrinkage=0.282327


Tree=71
num_leaves=7
num_cat=0
split_feature=1 1 9 1 2 9
split_gain=0.038494 0.118912 0.133143 0.0572094 0.0871126 0.0398499
threshold=7394.5000000000009 7659.5000000000009 0.064304774031374121 7331.0000000000009 21901.000000000004 0.087262704405957264
decision_type=2 2 2 2 2 2
left_child=3 2 -2 4 -1 -3
right_child=1 5 -4 -5 -6 -7
leaf_value=-0.0018790559892710311 -8.122147176534989e-05 0.0044169768962055963 0.019934233546154711 -0.011368841010715804 0.011963027122425232 -0.00050640878710273398
leaf_weight=512 52 153 54 45 39 913
leaf_count=512 52 153 54 45 39 913
internal_value=0.000157554 0.00109699 0.0101153 -0.00168979 -0.000899308 0.000200231
internal_weight=1768 1172 106 596 551 1066
internal_count=1768 1172 106 596 551 1066
is_linear=0
shrinkage=0.282327


Tree=72
num_leaves=5
num_cat=0
split_feature=2 2 2 6
split_gain=0.0193355 0.0239484 0.0892815 0.0450725
threshold=6724.5000000000009 21448.000000000004 20887.000000000004 3117.5000000000005
decision_type=2 2 2 2
left_child=-1 2 -2 -3
right_child=1 3 -4 -5
leaf_value=0.0055859462946787758 0.00031005460647034176 0.0033267831030945653 -0.0093051314031151449 -0.00044932455419303437
leaf_weight=50 346 346 99 927
leaf_count=50 346 346 99 927
internal_value=0.000113072 -4.62084e-05 -0.00182905 0.000577017
internal_weight=1768 1718 445 1273
internal_count=1768 1718 445 1273
is_linear=0
shrinkage=0.282327


Tree=73
num_leaves=6
num_cat=0
split_feature=7 9 9 7 0
split_gain=0.0255888 0.105547 0.088551 0.0868145 0.0599719
threshold=207.83333333333331 0.034237300423045104 0.044631352899069408 164.25000000000003 4899.5000000000009
decision_type=2 2 2 2 2
left_child=3 -2 -3 4 -1
right_child=1 2 -4 -5 -6
leaf_value=0.00040825105569589645 0.013471024535662649 -0.012827924284671633 0.00067999269015308348 -0.014596938766303901 -0.01115861615965537
leaf_weight=426 50 40 1175 38 39
leaf_count=426 50 40 1175 38 39
internal_value=8.11487e-05 0.000758439 0.000235288 -0.00162218 -0.000561873
internal_weight=1768 1265 1215 503 465
internal_count=1768 1265 1215 503 465
is_linear=0
shrinkage=0.282327


Tree=74
num_leaves=5
num_cat=0
split_feature=1 1 10 2
split_gain=0.0212961 0.0481089 0.0448913 0.0310717
threshold=2633.0000000000005 6788.5000000000009 1.0000000180025095e-35 20887.000000000004
decision_type=2 2 2 2
left_child=-1 2 -2 -3
right_child=1 3 -4 -5
leaf_value=0.0049204488683573418 0.0002608615610626534 0.0049600610845821694 -0.0073040478809229129 0.00010394606449830352
leaf_weight=69 118 114 133 1334
leaf_count=69 118 114 133 1334
internal_value=5.82383e-05 -0.000139226 -0.00374764 0.000486265
internal_weight=1768 1699 251 1448
internal_count=1768 1699 251 1448
is_linear=0
shrinkage=0.282327


Tree=75
num_leaves=6
num_cat=0
split_feature=5 2 0 1 0
split_gain=0.0395699 0.0603543 0.0245655 0.0233304 0.0661117
threshold=2444648.3427046775 18421706.219530519 9374201.0000000019 8971077.8812026531 6148819.5000000009
decision_type=2 2 2 2 2
left_child=3 -2 -3 4 -1
right_child=1 2 -4 -5 -6
leaf_value=0.0007287197235868112 -0.012249696021509951 -0.00030047650936293501 -0.0078046945750796584 0.0062763455965050337 -0.011214382844791104
leaf_weight=1330 46 266 40 56 38
leaf_count=1330 46 266 40 56 38
internal_value=-3.43888e-05 -0.00271477 -0.00128142 0.000628178 0.000396967
internal_weight=1776 352 306 1424 1368
internal_count=1776 352 306 1424 1368
is_linear=0
shrinkage=0.282327


Tree=76
num_leaves=8
num_cat=0
split_feature=2 2 2 2 0 0 0
split_gain=0.0256972 0.0889132 0.0633473 0.0568472 0.0543427 0.0380622 0.0332574
threshold=22324.000000000004 22943.000000000004 21956.500000000004 23354.500000000004 4694.0000000000009 453.50000000000006 741.50000000000011
decision_type=2 2 2 2 2 2 2
left_child=2 5 4 -3 -1 -2 -4
right_child=1 3 6 -5 -6 -7 -8
leaf_value=0.0011526673868059681 -0.0028081391878373384 0.0099333716356669027 0.0030430966348751983 -0.00055229676496867594 -0.0091699571203566234 -0.014714233079831694 0.014779033001000081
leaf_weight=534 38 43 38 991 44 49 39
leaf_count=534 38 43 38 991 44 49 39
internal_value=-2.468e-05 -0.000845582 0.00138025 -0.000116239 0.000366862 -0.00951387 0.00898727
internal_weight=1776 1121 655 1034 578 87 77
internal_count=1776 1121 655 1034 578 87 77
is_linear=0
shrinkage=0.282327


Tree=77
num_leaves=6
num_cat=0
split_feature=9 4 6 7 1
split_gain=0.0214494 0.145783 0.104084 0.037886 0.020782
threshold=0.66115265718313554 -1.0000000180025095e-35 15130.500000000002 4958040.7110416023 11208091.934954317
decision_type=2 2 2 2 2
left_child=3 -2 -3 4 -1
right_child=1 2 -4 -5 -6
leaf_value=-0.00025384501787426613 0.016608934457804359 -0.014316501931329224 0.0031930547689887892 -0.0067203755634624085 0.0052405447702830637
leaf_weight=1470 46 38 94 71 57
leaf_count=1470 46 38 94 71 57
internal_value=-1.77121e-05 0.00292208 -0.00184758 -0.000345174 -4.87499e-05
internal_weight=1776 178 132 1598 1527
internal_count=1776 178 132 1598 1527
is_linear=0
shrinkage=0.282327


Tree=78
num_leaves=6
num_cat=0
split_feature=5 9 5 9 2
split_gain=0.022693 0.0528455 0.0475218 0.0389882 0.0352993
threshold=608.50000000000011 0.070410367038986316 685.50000000000011 0.10906801651861231 20329.500000000004
decision_type=2 2 2 2 2
left_child=1 4 -2 -4 -1
right_child=2 -3 3 -5 -6
leaf_value=-0.0028016895985951973 -0.010026597736992859 0.0088546959220032733 0.0059114880183002948 -0.00078278577457293523 0.0022216889983897236
leaf_weight=172 42 68 74 1103 317
leaf_count=172 42 68 74 1103 317
internal_value=-1.27115e-05 0.00148026 -0.000694897 -0.000361905 0.000454775
internal_weight=1776 557 1219 1177 489
internal_count=1776 557 1219 1177 489
is_linear=0
shrinkage=0.282327


Tree=79
num_leaves=4
num_cat=0
split_feature=1 2 9
split_gain=0.0218745 0.046582 0.0259596
threshold=2564.5000000000005 17298.500000000004 0.015991454387347556
decision_type=2 2 2
left_child=-1 -2 -3
right_child=1 2 -4
leaf_value=-0.0052187887722274827 0.0086701091337102638 0.0045337272092258411 -0.00034557595630793847
leaf_weight=62 50 92 1572
leaf_count=62 50 92 1572
internal_value=-9.12272e-06 0.000179325 -7.58068e-05
internal_weight=1776 1714 1664
internal_count=1776 1714 1664
is_linear=0
shrinkage=0.282327


Tree=80
num_leaves=5
num_cat=0
split_feature=3 2 2 8
split_gain=0.0215111 0.015518 0.0372586 0.0314039
threshold=9909078.6544609424 32378935.917164214 27296903.231498424 -1.0000000180025095e-35
decision_type=2 2 2 2
left_child=1 2 -1 -3
right_child=-2 3 -4 -5
leaf_value=-0.00042369942014700062 0.0064026228513658166 0.0032870719783666858 0.0050745050738517285 -0.0063893249980667855
leaf_weight=1526 39 39 105 85
leaf_count=1526 39 39 105 85
internal_value=-0.000155483 -0.000301219 -6.97378e-05 -0.00334594
internal_weight=1794 1755 1631 124
internal_count=1794 1755 1631 124
is_linear=0
shrinkage=0.282327


Tree=81
num_leaves=6
num_cat=0
split_feature=1 1 1 1 6
split_gain=0.0184889 0.213198 0.0737102 0.0565836 0.0477832
threshold=7982.5000000000009 8202.5000000000018 7800.0000000000009 7639.0000000000009 897.00000000000011
decision_type=2 2 2 2 2
left_child=2 -2 3 -1 -3
right_child=1 4 -4 -5 -6
leaf_value=-0.0010063223934805526 0.021445075590417476 -0.0095495295069430945 -0.010548546888710675 0.0087356567288988385 0.00030439519559155169
leaf_weight=697 38 41 61 51 906
leaf_count=697 38 41 61 51 906
internal_value=-0.000111586 0.000709811 -0.00111168 -0.000342097 -0.000122227
internal_weight=1794 985 809 748 947
internal_count=1794 985 809 748 947
is_linear=0
shrinkage=0.282327


Tree=82
num_leaves=6
num_cat=0
split_feature=0 0 5 5 5
split_gain=0.0155455 0.0550885 0.0246859 0.0707641 0.0242348
threshold=124.50000000000001 89.500000000000014 186.50000000000003 133.50000000000003 250.00000000000003
decision_type=2 2 2 2 2
left_child=1 -1 3 -2 -4
right_child=2 -3 4 -5 -6
leaf_value=0.0026423765388551711 -0.00014765256834280252 -0.011642936300293541 -0.0062987679673953845 0.012936778993142257 -3.9774120002248077e-05
leaf_weight=48 123 39 51 45 1488
leaf_count=48 123 39 51 45 1488
internal_value=-8.00823e-05 -0.00376138 0.000107541 0.00335711 -0.000247187
internal_weight=1794 87 1707 168 1539
internal_count=1794 87 1707 168 1539
is_linear=0
shrinkage=0.282327


Tree=83
num_leaves=8
num_cat=0
split_feature=9 10 10 1 3 1 1
split_gain=0.0128544 0.0485903 0.0557977 0.0454881 0.0156416 0.0762999 0.0343081
threshold=0.63240335556885641 1.0000000180025095e-35 -1.0000000180025095e-35 7334.0000000000009 5595480.5606288593 6888862.3127549058 7572495.3513926836
decision_type=2 2 2 2 2 2 2
left_child=4 2 -2 -3 5 -1 -6
right_child=1 3 -4 -5 6 -7 -8
leaf_value=0.00024429773247924483 -0.00043014736543026409 0.0091118729779535931 -0.01337033072455051 -0.0027979370985099033 -0.0083903129755458876 0.011841025980724123 -0.00031325117900292388
leaf_weight=1196 58 44 49 61 49 47 290
leaf_count=1196 58 44 49 61 49 47 290
internal_value=-5.74729e-05 -0.00212192 -0.00635603 0.00219284 0.000219178 0.00068279 -0.00148073
internal_weight=1794 212 107 105 1582 1243 339
internal_count=1794 212 107 105 1582 1243 339
is_linear=0
shrinkage=0.282327


Tree=84
num_leaves=6
num_cat=0
split_feature=6 1 6 6 3
split_gain=0.0157724 0.0219772 0.0141568 0.0202267 0.0200258
threshold=13042693.008826604 10526038.381762987 9521945.7189042158 8047143.6232245071 6543047.9327469105
decision_type=2 2 2 2 2
left_child=2 -2 3 -1 -4
right_child=1 -3 4 -5 -6
leaf_value=-0.0002416158637753059 0.0083232199378548456 -0.00022023196544704874 0.0013247081767854738 0.0046673110798036337 -0.0063529081693569755
leaf_weight=1513 42 56 45 70 68
leaf_count=1513 42 56 45 70 68
internal_value=-4.12467e-05 0.00344125 -0.000242476 -2.45439e-05 -0.00329545
internal_weight=1794 98 1696 1583 113
internal_count=1794 98 1696 1583 113
is_linear=0
shrinkage=0.282327


Tree=85
num_leaves=4
num_cat=0
split_feature=1 1 1
split_gain=0.0134286 0.0218747 0.0306099
threshold=2633.0000000000005 6311.5000000000009 6496.0000000000009
decision_type=2 2 2
left_child=-1 -2 -3
right_child=1 2 -4
leaf_value=0.0045335967080546219 -0.0049498229996018731 0.007104278866352759 0.00044615397573610495
leaf_weight=68 57 57 1599
leaf_count=68 57 57 1599
internal_value=0.00064261 0.000488152 0.000675329
internal_weight=1781 1713 1656
internal_count=1781 1713 1656
is_linear=0
shrinkage=0.282327


Tree=86
num_leaves=6
num_cat=0
split_feature=9 9 1 9 9
split_gain=0.0193349 0.0344425 0.0694424 0.030618 0.0220796
threshold=0.72961107603983688 0.6308650103578306 7624.0000000000009 0.58788132855629038 0.78080262590778282
decision_type=2 2 2 2 2
left_child=1 3 -3 -1 -2
right_child=4 2 -4 -5 -6
leaf_value=0.00052236157085203822 -0.0085133440960522572 0.013222354284201961 7.3415651599543773e-05 -0.0067209624772175819 0.00034707046703940649
leaf_weight=1505 40 51 86 48 51
leaf_count=1505 40 51 86 48 51
internal_value=0.000461184 0.000677042 0.00496828 0.000298485 -0.00354762
internal_weight=1781 1690 137 1553 91
internal_count=1781 1690 137 1553 91
is_linear=0
shrinkage=0.282327


Tree=87
num_leaves=6
num_cat=0
split_feature=5 3 3 3 5
split_gain=0.0140837 0.027754 0.0215183 0.0323289 0.0244322
threshold=5020895.3442430804 7954649.3206992177 5990459.035097287 7001894.2504681991 709334.51420330454
decision_type=2 2 2 2 2
left_child=2 -2 4 -4 -1
right_child=1 -3 3 -5 -6
leaf_value=-0.00017639943490609631 0.0086118078621733301 -0.00051698768374267977 -0.0074965454814603753 -0.00028049490534927857 0.0024298431691138979
leaf_weight=1032 47 61 69 175 397
leaf_count=1032 47 61 69 175 397
internal_value=0.000330979 0.00345573 0.000129262 -0.0023211 0.000547658
internal_weight=1781 108 1673 244 1429
internal_count=1781 108 1673 244 1429
is_linear=0
shrinkage=0.282327


Tree=88
num_leaves=7
num_cat=0
split_feature=0 5 6 5 9 0
split_gain=0.0133368 0.058082 0.137012 0.0601965 0.0477183 0.0408347
threshold=243.00000000000003 301.50000000000006 750.00000000000011 359.50000000000006 0.040176466793921006 193.50000000000003
decision_type=2 2 2 2 2 2
left_child=4 2 -2 -3 5 -1
right_child=1 3 -4 -5 -6 -7
leaf_value=-0.0017719367994935731 0.00087235311002769515 -0.010726186692769478 0.019680197166483074 0.0002538831590151906 0.004847072868563878 -0.012244526959245222
leaf_weight=115 125 41 41 1358 61 40
leaf_count=115 125 41 41 1358 61 40
internal_value=0.000237535 0.000524557 0.00551766 -6.79059e-05 -0.00184205 -0.00447454
internal_weight=1781 1565 166 1399 216 155
internal_count=1781 1565 166 1399 216 155
is_linear=0
shrinkage=0.282327


Tree=89
num_leaves=4
num_cat=0
split_feature=1 1 2
split_gain=0.0136904 0.024452 0.0189144
threshold=2564.5000000000005 6187.0000000000009 19369.500000000004
decision_type=2 2 2
left_child=-1 -2 -3
right_child=1 2 -4
leaf_value=-0.0040217354980514493 0.0068111881548776204 -0.0038392091740885015 0.00036818454793214516
leaf_weight=60 45 90 1586
leaf_count=60 45 90 1586
internal_value=0.000170472 0.000316627 0.000142251
internal_weight=1781 1721 1676
internal_count=1781 1721 1676
is_linear=0
shrinkage=0.282327


Tree=90
num_leaves=6
num_cat=0
split_feature=9 9 3 5 1
split_gain=0.0170735 0.0250484 0.0616819 0.0303013 0.0031625
threshold=0.0036843436510708007 0.028327302887830454 6812.7500000000009 285.50000000000006 6911.0000000000009
decision_type=2 2 2 2 2
left_child=4 2 -2 -3 -1
right_child=1 3 -4 -5 -6
leaf_value=0.001590235638586018 0.0045645379831779215 0.0042525398967405278 -0.0080101605885646229 -0.00082663443855938144 0.0051868476872141134
leaf_weight=38 44 100 106 1468 40
leaf_count=38 44 100 106 1468 40
internal_value=-0.000650657 -0.000836137 -0.00432158 -0.000502708 0.00343465
internal_weight=1796 1718 150 1568 78
internal_count=1796 1718 150 1568 78
is_linear=0
shrinkage=0.282327


Tree=91
num_leaves=4
num_cat=0
split_feature=1 1 2
split_gain=0.0127005 0.0162679 0.0170487
threshold=2564.5000000000005 6187.0000000000009 19369.500000000004
decision_type=2 2 2
left_child=-1 -2 -3
right_child=1 2 -4
leaf_value=-0.0044046270257400025 0.0052330226870705198 -0.0042394761231242728 -0.00024604727917167194
leaf_weight=63 41 90 1602
leaf_count=63 41 90 1602
internal_value=-0.000466959 -0.000323812 -0.000458464
internal_weight=1796 1733 1692
internal_count=1796 1733 1692
is_linear=0
shrinkage=0.282327


Tree=92
num_leaves=5
num_cat=0
split_feature=9 1 9 1
split_gain=0.0144893 0.048999 0.0461135 0.0137459
threshold=0.015991454387347556 6950.5000000000009 0.020814817037476955 2633.0000000000005
decision_type=2 2 2 2
left_child=1 -1 -2 -4
right_child=2 -3 3 -5
leaf_value=-0.0030843190484911003 -0.010280467790258714 0.0079234351854173216 0.0042305089919864175 -0.00047884353227332119
leaf_weight=63 38 66 51 1578
leaf_count=63 38 66 51 1578
internal_value=-0.000335124 0.00254756 -0.000558199 -0.000331405
internal_weight=1796 129 1667 1629
internal_count=1796 129 1667 1629
is_linear=0
shrinkage=0.282327


Tree=93
num_leaves=4
num_cat=0
split_feature=1 2 2
split_gain=0.00981143 0.0174626 0.0188093
threshold=2564.5000000000005 17298.500000000004 19369.500000000004
decision_type=2 2 2
left_child=-1 -2 -3
right_child=1 2 -4
leaf_value=-0.0037014535080587244 0.005084848245851069 -0.0047016625597181413 -6.8188899648020433e-05
leaf_weight=63 50 73 1610
leaf_count=63 50 73 1610
internal_value=-0.000240509 -0.000114693 -0.000269165
internal_weight=1796 1733 1683
internal_count=1796 1733 1683
is_linear=0
shrinkage=0.282327


Tree=94
num_leaves=4
num_cat=0
split_feature=3 3 5
split_gain=0.00897405 0.0174834 0.0199281
threshold=9909078.6544609424 9008808.2238362748 4771165.9351238245
decision_type=2 2 2
left_child=1 2 -1
right_child=-2 -3 -4
leaf_value=-0.00034504174016293201 0.0040088323873253206 -0.0057610100278117568 0.0040649162951199415
leaf_weight=1625 40 45 86
leaf_count=1625 40 45 86
internal_value=-0.000172607 -0.000267856 -0.000123384
internal_weight=1796 1756 1711
internal_count=1796 1756 1711
is_linear=0
shrinkage=0.282327


Tree=95
num_leaves=7
num_cat=0
split_feature=6 6 6 7 2 2
split_gain=0.0189837 0.104113 0.0715327 0.0532472 0.0687142 0.0316835
threshold=914.00000000000011 691.50000000000011 579.50000000000011 491.25000000000006 20851.500000000004 20110.000000000004
decision_type=2 2 2 2 2 2
left_child=1 2 -1 4 -2 -5
right_child=3 -3 -4 5 -6 -7
leaf_value=-0.00088279854334385186 -0.0010006623961858392 -0.011040890415562972 0.010790975924748328 0.0064040504394879856 0.0090831672979973053 -0.0003205944563071442
leaf_weight=326 93 73 48 59 128 1045
leaf_count=326 93 73 48 59 128 1045
internal_value=0.000302817 -0.00128817 0.00061544 0.000839548 0.00483975 3.87842e-05
internal_weight=1772 447 374 1325 221 1104
internal_count=1772 447 374 1325 221 1104
is_linear=0
shrinkage=0.282327


Tree=96
num_leaves=6
num_cat=0
split_feature=9 9 7 7 9
split_gain=0.00979769 0.0865207 0.0658039 0.0446029 0.0193624
threshold=0.046968960370837608 0.052712067433095013 259.00000000000006 137.58333333333334 0.064304774031374121
decision_type=2 2 2 2 2
left_child=2 -2 3 -1 -3
right_child=1 4 -4 -5 -6
leaf_value=-0.0016527572196457299 0.013025972921019388 -0.0053470036520595872 -0.0093075144275271728 0.005725195615138505 0.00036905244823021274
leaf_weight=209 43 49 64 95 1312
leaf_count=209 43 49 64 95 1312
internal_value=0.000217323 0.000557201 -0.00107938 0.000652853 0.000163258
internal_weight=1772 1404 368 304 1361
internal_count=1772 1404 368 304 1361
is_linear=0
shrinkage=0.282327


Tree=97
num_leaves=6
num_cat=0
split_feature=6 6 6 2 3
split_gain=0.010313 0.048701 0.042769 0.0611131 0.0401365
threshold=914.00000000000011 822.50000000000011 1275.5000000000002 19892.000000000004 7331.0000000000009
decision_type=2 2 2 2 2
left_child=1 4 -2 -4 -1
right_child=2 -3 3 -5 -6
leaf_value=0.0015921748634496287 0.0073433246360388024 -0.010416827928041321 0.0073472472003138318 -0.00036826161637376994 -0.0047578026549323863
leaf_weight=299 70 40 88 1167 108
leaf_count=299 70 40 88 1167 108
internal_value=0.000155967 -0.00101668 0.000551569 0.000172746 -9.28315e-05
internal_weight=1772 447 1325 1255 407
internal_count=1772 447 1325 1255 407
is_linear=0
shrinkage=0.282327


Tree=98
num_leaves=7
num_cat=0
split_feature=3 3 3 7 0 0
split_gain=0.0169571 0.0848595 0.0580182 0.0408104 0.0403727 0.0391223
threshold=6794.666666666667 6938.8333333333348 7054.166666666667 286.75000000000006 380.00000000000006 601.50000000000011
decision_type=2 2 2 2 2 2
left_child=3 -2 -3 4 -1 -5
right_child=1 2 -4 5 -6 -7
leaf_value=-0.003261917421708328 0.0098478320810630755 -0.0078856176486469826 0.00046036400537083604 -0.013202601732912619 0.0040192953237395412 -0.0017246380686542803
leaf_weight=125 74 70 1288 41 118 56
leaf_count=125 74 70 1288 41 118 56
internal_value=0.000111933 0.000537497 3.01588e-05 -0.00168044 0.000273816 -0.00657615
internal_weight=1772 1432 1358 340 243 97
internal_count=1772 1432 1358 340 243 97
is_linear=0
shrinkage=0.282327


Tree=99
num_leaves=7
num_cat=0
split_feature=2 2 1 1 3 5
split_gain=0.0101298 0.0286236 0.0246137 0.119624 0.111062 0.00308389
threshold=18741.000000000004 11897.000000000002 7176.0000000000009 7052.0000000000009 7253.5833333333348 108.50000000000001
decision_type=2 2 2 2 2 2
left_child=1 5 3 -2 -4 -1
right_child=2 -3 4 -5 -6 -7
leaf_value=0.0029368014882829446 0.0003687463873771406 -0.0068291364744872884 -0.0073584143269751854 0.015787831870116051 0.00068484216429687381 -0.00052700913892538481
leaf_weight=42 313 61 156 46 1114 40
leaf_count=42 313 61 156 46 1114 40
internal_value=8.03315e-05 -0.00219799 0.000280331 0.00234445 -0.000303148 0.00124714
internal_weight=1772 143 1629 359 1270 82
internal_count=1772 143 1629 359 1270 82
is_linear=0
shrinkage=0.282327


end of trees

feature_importances:
total_spent_in_sheet_last_month=98
total_spent_in_sheet_last_3_months=72
total_spent=62
category_spent_percentage_last_month=62
total_spent_in_category_last_month=61
average_spent_in_sheet_last_6_months=60
average_spent_in_category_last_6_months=47
total_spent_in_category_last_3_months=45
category_spent_percentage_trend=10
category_spending_trend=5
sheet_spending_trend=2

parameters:
[boosting: gbdt]
[objective: regression]
[metric: l2]
[tree_learner: serial]
[device_type: cpu]
[data_sample_strategy: bagging]
[data: ]
[valid: ]
[num_iterations: 100]
[learning_rate: 0.282327]
[num_leaves: 84]
[num_threads: 10]
[seed: 0]
[deterministic: 0]
[force_col_wise: 0]
[force_row_wise: 0]
[histogram_pool_size: -1]
[max_depth: 3]
[min_data_in_leaf: 38]
[min_sum_hessian_in_leaf: 0.001]
[bagging_fraction: 0.919536]
[pos_bagging_fraction: 1]
[neg_bagging_fraction: 1]
[bagging_freq: 5]
[bagging_seed: 3]
[bagging_by_query: 0]
[feature_fraction: 0.647512]
[feature_fraction_bynode: 1]
[feature_fraction_seed: 2]
[extra_trees: 0]
[extra_seed: 6]
[early_stopping_round: 0]
[early_stopping_min_delta: 0]
[first_metric_only: 0]
[max_delta_step: 0]
[lambda_l1: 0]
[lambda_l2: 0]
[linear_lambda: 0]
[min_gain_to_split: 0]
[drop_rate: 0.1]
[max_drop: 50]
[skip_drop: 0.5]
[xgboost_dart_mode: 0]
[uniform_drop: 0]
[drop_seed: 4]
[top_rate: 0.2]
[other_rate: 0.1]
[min_data_per_group: 100]
[max_cat_threshold: 32]
[cat_l2: 10]
[cat_smooth: 10]
[max_cat_to_onehot: 4]
[top_k: 20]
[monotone_constraints: ]
[monotone_constraints_method: basic]
[monotone_penalty: 0]
[feature_contri: ]
[forcedsplits_filename: ]
[refit_decay_rate: 0.9]
[cegb_tradeoff: 1]
[cegb_penalty_split: 0]
[cegb_penalty_feature_lazy: ]
[cegb_penalty_feature_coupled: ]
[path_smooth: 0]
[interaction_constraints: ]
[verbosity: 1]
[saved_feature_importance_type: 0]
[use_quantized_grad: 0]
[num_grad_quant_bins: 4]
[quant_train_renew_leaf: 0]
[stochastic_rounding: 1]
[linear_tree: 0]
[max_bin: 255]
[max_bin_by_feature: ]
[min_data_in_bin: 3]
[bin_construct_sample_cnt: 200000]
[data_random_seed: 1]
[is_enable_sparse: 1]
[enable_bundle: 1]
[use_missing: 1]
[zero_as_missing: 0]
[feature_pre_filter: 1]
[pre_partition: 0]
[two_round: 0]
[header: 0]
[label_column: ]
[weight_column: ]
[group_column: ]
[ignore_column: ]
[categorical_feature: ]
[forcedbins_filename: ]
[precise_float_parser: 0]
[parser_config_file: ]
[objective_seed: 5]
[num_class: 1]
[is_unbalance: 0]
[scale_pos_weight: 1]
[sigmoid: 1]
[boost_from_average: 1]
[reg_sqrt: 0]
[alpha: 0.9]
[fair_c: 1]
[poisson_max_delta_step: 0.7]
[tweedie_variance_power: 1.5]
[lambdarank_truncation_level: 30]
[lambdarank_norm: 1]
[label_gain: ]
[lambdarank_position_bias_regularization: 0]
[eval_at: ]
[multi_error_top_k: 1]
[auc_mu_weights: ]
[num_machines: 1]
[local_listen_port: 12400]
[time_out: 120]
[machine_list_filename: ]
[machines: ]
[gpu_platform_id: -1]
[gpu_device_id: -1]
[gpu_use_dp: 0]
[num_gpu: 1]

end of parameters

pandas_categorical:[]
